,ham,Period,Total,Male,Female
0,2007-2008   2 273 492   1 153 069   1 120 423   3.18    3.21    3.15,2007-2008,3.18, 3.21, 3.15
1,2008-2009   2 236 981   1 123 136   1 113 845   3.08    3.08    3.09,2008-2009,3.08, 3.08, 3.09
2,2009-2010   2 360 079   1 177 639   1 182 440   3.20    3.18    3.22,2009-2010,3.20, 3.18, 3.22
3,2010-2011   2 420 181   1 204 530   1 215 651   3.24    3.21    3.27,2010-2011,3.24, 3.21, 3.27
4,2011-2012   2 317 814   1 149 151   1 168 663   3.06    3.03    3.10,2011-2012,3.06, 3.03, 3.10
5,2012-2013   2 534 279   1 250 579   1 283 700   3.31    3.25    3.36,2012-2013,3.31, 3.25, 3.36
6,2013-2014   2 681 275   1 305 498   1 375 777   3.45    3.35    3.55,2013-2014,3.45, 3.35, 3.55
7,2014-2015   2 720 438   1 328 359   1 392 079   3.45    3.36    3.55,2014-2015,3.45, 3.36, 3.55
8,2015-2016   2 619 403   1 281 152   1 338 251   3.28    3.20    3.36,2015-2016,3.28, 3.20, 3.36
9,2016-2017   2 684 820   1 316 542   1 368 278   3.32    3.25    3.40,2016-2017,3.32, 3.25, 3.40
10,2017-2018   3 057 606   1 505 879   1 551 727   3.73    3.66    3.80,2017-2018,3.73, 3.66, 3.80
11,2018-2019   2 806 123   1 364 132   1 441 991   3.37    3.27    3.48,2018-2019,3.37, 3.27, 3.48
12,2019-2020   2 258 726   1 100 960   1 157 766   2.70    2.63    2.78,2019-2020,2.70, 2.63, 2.78
13,2020-2021   2 777 797   1 318 754   1 459 043   3.28    3.11    3.45,2020-2021,3.28, 3.11, 3.45
14,2021-2022   2 791 156   1 336 099   1 455 057   3.27    3.13    3.42,2021-2022,3.27, 3.13, 3.42
15,2022-2023   3 450 953   1 653 782   1 797 171   4.04    3.87    4.21 ,2022-2023,4.04, 3.87, 4.21 
